strategic_region={
	id=11
	name="STRATEGICREGION_11"
	provinces={
		27 29 39 153 172 208 257 264 276 290 291 311 317 367 402 437 450 531 536 668 697 753 755 808 821 832 870 883 928 930 932 942 1049 1062 1145 1157 1204 1307 1313 1316 1342 1401 1409 1455 1461 1554 1587 1607 1619 1662 1697 1736 1753 1755 1803 1821 1863 1883 1890 1903 1929 1957 2032 2034 2050 2111 2120 2147 2173 2216 2253 2258 2283 2287 2368 2480 2489 2498 2556 2590 2618 2682 2705 2720 2836 2882 2898 2905 2908 2920 2938 2952 2983 3026 3069 3087 3122 3202 3223 3227 3238 3252 3262 3267 3297 3320 3333 3344 3413 3455 3479 3483 3512 3525 3564 3568 3653 3706 3716 3723 3751 3755 3781 3835 3853 3868 3871 3888 3891 3932 3950 3962 3974 4037 4053 4060 4083 4085 4095 4106 4122 4136 4143 4151 4154 4179 4226 4273 4286 4297 4298 4309 4339 4359 4366 4367 4395 4408 4426 4436 4438 4448 4465 4479 4495 4526 4530 4586 4599 4604 4619 4645 4651 4740 4747 4787 4790 4805 4828 4842 4843 4854 4870 4872 4886 4901 4905 4927 4961 4985 4996 5028 5032 5039 5050 5060 5062 5080 5108 5134 5139 5160 5161 5165 5171 5176 5177 5213 5218 5224 5233 5246 5314 5322 5344 5354 5365 5390 5403 5420 5435 5437 5447 5480 5485 5532 5535 5576 5582 5590 5609 5615 5620 5684 5689 5709 8293 8294 8300 8301 8305 8313 8314 8320 8331 8332 8335 8338 8346 8349 8356 8357 8358 8361 8362 8369 8376 8387 8393 8395 8398 8399 8402 8409 8414 8415 8422 8427 8431 8432 8433 8444 8449 8450 8455 8456 8457 8458 8473 8481 8482 8483 8488 8496 8503 8511 8524 8525 8529 8535 8536 8544 8545 8549 8561 8562 8565 8566 8567 8572 8573 8579 8580 8581 8584 8585 8591 8592 8595 8598 8599 8600 8606 8614 8615 8620 8621 8622 8630 8631 8632 8635 8636 8637 8638 8642 8644 8645 8646 8647 8648 8655 8656 8657 8658 8659 8662 8669 8670 8671 8672 8673 8675 8676 8680 8681 8685 8686 8687 8691 8692 8693 8694 8695 8701 8702 8705 8707 8708 8709 8715 8716 8717 8723 8730 8731 8734 8735 8736 8737 8739 8740 8743 8744 8750 8751 8752 8755 8756 8758 8759 8760 8761 8765 8768 8769 8770 8771 8772 8776 8777 8778 8781 8782 8783 8784 8785 8786 8788 8789 8796 8797 8798 8801 8802 8803 8804 8805 8808 8809 8813 8814 8815 8820 8821 8822 8823 8824 8830 8837 8838 8840 8841 8844 8848 8849 8850 8852 8853 8854 8855 8858 8859 8865 8866 8870 8871 8872 8873 8877 8884 8885 8886 8887 8894 8895 8896 8898 8901 8902 8903 8907 8916 8917 8918 8919 8922 8923 8927 8928 8929 8930 8931 8932 8933 8934 8935 8936 8937 8942 8943 8944 8945 8946 8947 8948 8953 8954 8961 8962 8963 8964 8967 8968 8969 8973 8974 8975 8976 8977 8978 8979 8980 8983 8984 8985 8986 8987 8988 8989 8991 8995 8996 8997 8999 9002 9005 9009 9010 9011 9012 9013 9018 9023 9024 9813 9814 9815 9816 9818 9819 9821 9829 9830 9831 9832 
	}
	weather={
		period={
			between={ 0.0 30.11 }
			temperature={ -10.0 35.0 }
			no_phenomenon=1.500
			rain_light=0.250
			rain_heavy=0.100
			snow=0.000
			blizzard=0.000
			arctic_water=0.000
			mud=0.000
			sandstorm=0.000
			min_snow_level=0.000
		}
	}
}
