strategic_region={
	id=13
	name="STRATEGICREGION_13"
	provinces={
		9887 9891 9893 9896 9900 9909 9911 9915 9921 9923 9935 9939 9945 9946 9947 9953 9956 9963 9972 10000 10019 10025 10027 10033 10039 10040 10049 10058 10060 10064 10068 10078 10079 10082 10088 10092 10093 10094 10097 10100 10102 10104 10109 10110 10112 10116 10117 10124 10128 10143 10155 10158 10159 10178 10197 10202 10203 10204 10205 10210 10213 10217 10230 10231 10234 10252 10260 10261 10271 10280 10292 10296 10318 10323 10328 10333 10338 10340 10352 10360 10366 10370 10372 10373 10374 10399 10400 10413 10423 10425 10428 10433 10437 10442 10450 10454 10466 10471 10476 10480 10481 10486 10491 10512 10513 10516 10518 10520 10521 10535 10537 10547 10550 10557 10568 10573 10581 10582 10583 10585 10586 10587 10591 10600 10605 10609 10611 10614 10616 10620 10623 10625 10628 10630 10634 10641 10642 10646 10656 10659 10660 10666 10670 10673 10674 10682 10685 10689 10703 10707 10717 10721 10728 10736 10737 10738 10739 10740 10744 10749 10756 10768 10779 10782 10783 10789 10791 10805 10811 10822 10827 10828 10838 10839 10840 10844 10845 10850 10851 10853 10865 10872 10886 10894 10899 10902 10909 10915 10931 10932 10938 10940 10948 10950 10952 10954 10962 10963 10967 10971 10976 10978 10992 10997 11000 11002 11004 11011 11013 11015 11017 11026 11027 11031 11037 11049 11054 11067 11068 11073 11077 11093 11103 11104 11109 11121 11123 11126 11146 11154 11157 11160 11163 11169 11170 11171 11184 11187 11195 11203 11212 11222 11223 11224 11231 11238 11244 11249 11265 11267 11268 11269 11273 11280 11289 11293 11313 11325 11336 11340 11347 11355 11361 11365 11366 11372 11380 11382 11384 11389 11393 11401 11413 11422 11425 11454 11455 11462 11472 11474 11475 11479 11486 11490 11504 11505 11511 11516 11530 11542 11557 11561 11578 11580 11590 11592 11596 11603 11607 11613 11615 11617 11621 11623 11638 11640 11641 11643 11649 11651 11654 11656 11657 11667 11693 11714 11715 11722 11723 11727 11733 11735 11739 11742 11744 11746 11749 11753 11757 11781 11782 11786 11795 11796 11797 11798 11802 11807 11815 11823 11827 11843 11845 11848 11850 11864 11876 11882 11889 11890 11892 11907 11909 11911 11913 11916 11931 11941 11942 11943 11964 11965 11968 11974 11982 11987 12004 12010 12012 12026 12027 12061 12070 12073 12083 12094 12105 12111 12119 12129 12131 12133 12135 12136 12139 12143 12150 12152 12154 12155 12175 12179 12194 12206 12213 12215 12218 12229 12230 12239 12242 12244 12256 12270 12275 12283 12284 12288 12295 12304 12307 12310 12319 12320 12326 12327 12338 12340 12356 12366 12367 12373 12387 12390 12392 12398 12400 12408 12409 12412 12421 12422 12432 12433 12443 12445 12447 12485 12502 12507 12508 12509 12521 12560 12561 12573 12578 12581 12582 12588 12595 12598 12604 12605 12606 12607 12610 12615 12616 12618 12620 12629 12641 12647 12650 12670 12696 12697 12699 12707 12708 12720 12736 12743 12748 12758 12759 12763 12765 12767 12768 12775 12777 12778 12779 12789 12793 12794 12795 12800 12802 12809 12814 12816 12820 12822 12827 12839 12840 12845 12846 12847 12854 12855 12856 12861 12863 12870 12892 12909 12912 12914 12922 12924 12928 12929 12932 12934 12935 12936 12939 12947 12948 12954 12961 12963 12968 12969 12977 12985 12991 12995 13000 13003 13006 13011 13017 13024 
	}
	weather={
		period={
			between={ 0.0 30.11 }
			temperature={ -10.0 35.0 }
			no_phenomenon=1.500
			rain_light=0.250
			rain_heavy=0.100
			snow=0.000
			blizzard=0.000
			arctic_water=0.000
			mud=0.000
			sandstorm=0.000
			min_snow_level=0.000
		}
	}
}
