strategic_region={
	id=2
	name="STRATEGICREGION_2"
	provinces={
		5 10 14 19 23 37 44 51 63 68 75 86 90 93 96 109 112 121 161 182 191 195 209 214 222 227 241 245 271 272 278 296 307 330 336 342 383 385 386 393 399 403 418 435 444 471 476 482 519 525 529 557 562 566 595 602 604 626 635 658 673 674 685 687 693 704 710 722 723 761 762 763 783 819 822 839 840 844 847 853 872 879 882 886 889 899 900 919 921 926 933 947 948 955 965 986 992 1013 1018 1032 1046 1058 1059 1078 1091 1097 1099 1106 1132 1134 1148 1156 1159 1169 1173 1174 1178 1189 1198 1205 1212 1216 1225 1228 1230 1231 1234 1239 1269 1281 1285 1290 1292 1294 1295 1301 1317 1323 1326 1328 1339 1352 1364 1371 1386 1398 1406 1408 1421 1425 1430 1436 1440 1454 1466 1473 1474 1509 1511 1521 1542 1546 1551 1552 1558 1561 1569 1572 1583 1595 1600 1605 1627 1643 1645 1646 1647 1651 1672 1674 1677 1689 1690 1712 1717 1722 1724 1728 1742 1748 1752 1757 1770 1773 1780 1792 1797 1801 1810 1824 1825 1827 1856 1859 1873 1892 1902 1924 1967 1980 1986 1995 2004 2007 2013 2015 2016 2020 2026 2045 2047 2058 2062 2088 2133 2156 2159 2161 2164 2166 2172 2178 2201 2202 2208 2217 2226 2232 2235 2284 2295 2306 2313 2320 2321 2328 2343 2349 2350 2352 2354 2355 2371 2379 2386 2391 2398 2410 2420 2461 2466 2471 2481 2487 2499 2510 2529 2531 2568 2574 2580 2631 2648 2653 2662 2665 2666 2670 2676 2688 2724 2746 2751 2755 2756 2771 2793 2799 2801 2809 2818 2820 2847 2850 2853 2866 2881 2887 2901 2904 2930 2933 2944 2951 2953 2955 2970 2996 2999 3005 3016 3034 3036 3046 3057 3061 3064 3093 3101 3107 3118 3119 3167 3170 3171 3178 3179 3181 3204 3216 3224 3234 3237 3242 3256 3264 3266 3268 3289 3309 3310 3334 3336 3341 3343 3360 3382 3408 3409 3410 3416 3420 3435 3445 3449 3465 3473 3476 3477 3481 3484 3486 3487 3493 3494 3497 3500 3504 3510 3520 3528 3530 3537 3551 3552 3559 3574 3576 3579 3597 3598 3616 3640 3645 3700 3714 3718 3737 3749 3762 3775 3793 3812 3828 3836 3851 3867 3869 3887 3903 3904 3920 3931 3934 3943 3987 4000 4002 4020 4033 4039 4084 4090 4097 4139 4146 4147 4152 4182 4185 4196 4199 4231 4242 4248 4256 4272 4279 4285 4288 4311 4315 4317 4368 4376 4378 4389 4393 4394 4415 4429 4450 4454 4468 4477 4500 4517 4527 4529 4535 4536 4558 4569 4591 4597 4605 4606 4607 4611 4613 4616 4631 4637 4694 4723 4730 4738 4745 4751 4774 4788 4799 4816 4831 4840 4867 4874 4875 4882 4895 4896 4906 4922 4926 4929 4949 4958 4964 4993 5006 5010 5011 5027 5040 5058 5063 5071 5074 5101 5127 5133 5204 5220 5249 5274 5275 5301 5303 5324 5345 5372 5373 5378 5387 5415 5487 5493 5503 5507 5515 5529 5553 5572 5598 5608 5616 5647 5663 5665 5692 5705 5720 5721 5722 5723 5724 5725 5726 5727 5728 5729 5730 5731 5732 5733 5734 5735 5736 5737 5738 5739 5740 5741 5742 5743 5744 5745 5746 5747 5748 5749 5750 5751 5752 5753 5754 5755 5756 5757 5758 5759 5760 5761 5762 5763 5764 5765 5766 5767 5768 5769 5770 5771 5772 5773 5774 5775 5776 5777 5778 5779 5780 5781 5782 5783 5784 5785 5786 5787 5788 5789 5790 5791 5792 5793 5794 5795 5796 5797 5798 5799 5800 5801 5802 5803 5804 5805 5806 5807 5808 5809 5810 5811 5812 5813 5814 5815 5816 5817 5818 5819 5820 5821 5822 5823 5824 5825 5826 5827 5828 5829 5830 5831 5832 5833 5834 5835 5836 5837 5838 5839 5840 5841 5842 5843 5844 5845 5846 5847 5848 5849 5850 5851 5852 5853 5854 5855 5856 5857 5858 5859 5860 5861 5862 5863 5864 5865 5866 5867 5868 5869 5870 5871 5872 5873 5874 5875 5876 5877 5878 5879 5880 5881 5882 5883 5884 5885 5886 5887 5888 5889 5890 5891 5892 5893 5894 5895 5896 5897 5898 5899 5900 5901 5902 5903 5904 5905 5906 5907 5908 5909 5910 5911 5912 5913 5914 5915 5916 5917 5918 5919 5920 5921 5922 5923 5924 5925 5926 5927 5928 5929 5930 5931 5932 5933 5934 5935 5936 5937 5938 5939 5940 5941 5942 5943 5944 5945 5946 5947 5948 5949 5950 5951 5952 5953 5954 5955 5956 5957 5958 5959 5960 5961 5963 5964 5965 5966 5969 5971 5972 5974 5978 5979 5980 5981 5982 5983 5987 5991 5992 5993 9764 9765 9766 13218 13219 13220 13222 
	}
	weather={
		period={
			between={ 0.0 30.11 }
			temperature={ -50.0 -15.0 }
			no_phenomenon=1.500
			rain_light=0.000
			rain_heavy=0.000
			snow=0.900
			blizzard=0.000
			arctic_water=0.800
			mud=0.000
			sandstorm=0.000
			min_snow_level=0.900
		}
		period={
			between={ 0.0 0.0 }
			temperature={ -10.0 35.0 }
			no_phenomenon=1.500
			rain_light=0.250
			rain_heavy=0.100
			snow=0.000
			blizzard=0.000
			arctic_water=0.000
			mud=0.000
			sandstorm=0.000
			min_snow_level=0.000
		}
	}
}
