strategic_region={
	id=3
	name="STRATEGICREGION_3"
	provinces={
		6 36 49 67 88 99 136 199 204 217 220 224 277 339 346 347 366 388 394 398 417 425 433 436 469 470 505 538 599 618 621 629 636 638 647 804 843 850 967 972 1004 1036 1040 1061 1073 1075 1085 1115 1122 1127 1187 1209 1270 1283 1287 1312 1332 1336 1343 1377 1382 1429 1432 1444 1447 1475 1491 1499 1517 1518 1582 1611 1683 1735 1743 1790 1814 1815 1868 1878 1897 1907 2005 2010 2036 2040 2065 2098 2146 2168 2170 2176 2182 2207 2227 2345 2380 2397 2421 2431 2525 2533 2538 2541 2547 2615 2625 2626 2629 2634 2698 2718 2748 2754 2790 2828 2857 2867 2873 2878 2888 2890 2950 2962 3049 3055 3059 3062 3115 3133 3148 3190 3208 3245 3258 3284 3290 3307 3348 3438 3459 3480 3501 3513 3533 3545 3550 3617 3619 3643 3677 3722 3731 3758 3763 3809 3811 3865 3889 3928 3940 3957 3973 3984 3995 4025 4031 4123 4216 4329 4373 4452 4563 4578 4587 4588 4686 4698 4743 4793 4798 4837 4850 4892 4934 4987 5017 5072 5142 5154 5192 5214 5357 5398 5417 5434 5451 5539 5585 5599 5617 5642 5652 5660 5672 5674 5677 5710 5962 5967 5968 5970 5973 5975 5976 5977 5984 5985 5986 5988 5989 5990 5994 5995 5996 5997 5998 5999 6000 6001 6002 6003 6004 6005 6006 6007 6008 6009 6010 6011 6012 6013 6014 6015 6016 6017 6018 6020 6022 6023 6024 6025 6026 6027 6028 6029 6030 6031 6033 6035 6036 6037 6038 6040 6041 6044 6045 6050 6051 6053 6054 6055 6059 6068 6098 13221 13223 13224 13225 13226 13227 
	}
	weather={
		period={
			between={ 0.0 30.11 }
			temperature={ -20.0 10.0 }
			no_phenomenon=1.500
			rain_light=0.250
			rain_heavy=0.100
			snow=0.650
			blizzard=0.000
			arctic_water=0.000
			mud=0.000
			sandstorm=0.000
			min_snow_level=0.200
		}
		period={
			between={ 0.0 0.0 }
			temperature={ -20.0 10.0 }
			no_phenomenon=1.500
			rain_light=0.250
			rain_heavy=0.100
			snow=0.650
			blizzard=0.000
			arctic_water=0.000
			mud=0.000
			sandstorm=0.000
			min_snow_level=0.400
		}
	}
}
