strategic_region={
	id=4
	name="STRATEGICREGION_4"
	provinces={
		17 25 34 41 42 70 80 91 106 110 126 128 140 158 174 175 186 189 205 213 223 228 252 255 258 265 270 281 297 318 319 322 326 331 355 368 416 419 421 423 424 439 443 484 508 520 522 546 551 563 571 579 581 603 606 610 619 622 624 634 637 641 645 662 670 677 694 702 705 708 726 732 735 737 750 751 756 788 790 797 814 815 817 818 825 845 857 864 884 885 890 897 902 909 912 918 963 968 976 991 1022 1031 1050 1055 1063 1067 1070 1072 1083 1087 1094 1098 1111 1113 1116 1119 1130 1147 1161 1176 1182 1202 1217 1227 1235 1249 1251 1254 1264 1274 1298 1319 1320 1347 1358 1370 1373 1374 1379 1381 1383 1393 1399 1402 1422 1434 1439 1453 1467 1485 1508 1534 1538 1557 1564 1574 1578 1641 1650 1659 1667 1704 1705 1739 1754 1761 1764 1772 1776 1779 1785 1794 1806 1818 1820 1837 1838 1842 1869 1884 1899 1922 1925 1928 1934 1948 1963 1968 1969 1987 1997 1998 1999 2018 2021 2022 2024 2027 2044 2055 2070 2080 2083 2094 2096 2107 2113 2114 2135 2144 2154 2155 2174 2177 2191 2199 2204 2257 2266 2267 2271 2275 2281 2289 2291 2293 2303 2315 2317 2329 2340 2356 2360 2361 2374 2378 2389 2402 2413 2423 2479 2485 2505 2513 2539 2542 2549 2551 2555 2569 2577 2589 2599 2602 2608 2639 2643 2652 2663 2679 2693 2723 2727 2730 2734 2740 2774 2782 2783 2798 2823 2825 2826 2829 2831 2837 2838 2840 2851 2855 2856 2858 2859 2862 2868 2876 2886 2897 2907 2912 2919 2964 2981 2984 2998 3002 3035 3037 3040 3042 3054 3058 3077 3083 3084 3098 3102 3106 3112 3134 3146 3157 3160 3165 3177 3198 3199 3201 3233 3236 3248 3269 3272 3285 3288 3294 3298 3300 3311 3314 3315 3317 3322 3325 3337 3338 3349 3371 3375 3378 3379 3380 3384 3390 3393 3394 3399 3423 3426 3428 3436 3437 3456 3458 3470 3488 3546 3547 3556 3561 3587 3591 3592 3600 3612 3621 3627 3638 3650 3662 3665 3667 3668 3670 3675 3692 3696 3701 3703 3709 3712 3719 3736 3759 3766 3776 3786 3790 3822 3837 3848 3857 3860 3877 3884 3886 3898 3906 3910 3913 3915 3918 3926 3942 3949 3969 3970 3979 3988 3994 4008 4011 4018 4024 4028 4032 4038 4048 4049 4062 4070 4079 4080 4096 4099 4107 4113 4117 4144 4148 4153 4168 4172 4181 4194 4200 4219 4222 4232 4235 4240 4252 4258 4270 4277 4300 4310 4312 4316 4320 4322 4323 4325 4331 4345 4369 4385 4392 4398 4403 4433 4441 4444 4456 4458 4464 4466 4471 4492 4499 4515 4518 4520 4523 4525 4546 4555 4557 4573 4612 4629 4635 4639 4643 4644 4652 4679 4685 4732 4733 4734 4755 4756 4763 4783 4809 4812 4832 4845 4846 4859 4860 4863 4865 4879 4880 4897 4908 4912 4914 4920 4946 4947 4976 4990 4991 4992 5000 5012 5015 5024 5042 5046 5064 5066 5086 5090 5092 5093 5097 5099 5109 5115 5121 5132 5137 5140 5146 5157 5183 5184 5194 5219 5234 5239 5248 5260 5268 5271 5272 5283 5284 5310 5311 5312 5319 5331 5342 5360 5363 5366 5368 5374 5384 5399 5412 5432 5436 5442 5457 5486 5489 5491 5494 5511 5512 5520 5527 5530 5536 5537 5550 5554 5558 5566 5567 5570 5571 5594 5597 5612 5626 5627 5641 5651 5655 5678 6019 6021 6032 6034 6039 6042 6043 6046 6047 6048 6049 6052 6056 6057 6058 6060 6061 6062 6063 6064 6065 6066 6067 6069 6070 6071 6072 6073 6074 6075 6076 6077 6078 6079 6080 6081 6082 6083 6084 6085 6086 6087 6088 6089 6090 6091 6092 6093 6094 6095 6096 6097 6099 6100 6101 6102 6103 6104 6105 6106 6107 6108 6109 6110 6111 6112 6113 6114 6115 6116 6117 6118 6119 6120 6121 6122 6123 6124 6125 6126 6127 6128 6129 6130 6131 6132 6133 6134 6135 6136 6137 6138 6139 6140 6141 6142 6143 6144 6145 6146 6147 6148 6149 6150 6151 6152 6153 6154 6155 6156 6157 6158 6159 6160 6161 6162 6163 6164 6165 6166 6167 6168 6169 6170 6171 6172 6173 6174 6175 6176 6177 6178 6179 6180 6181 6182 6183 6184 6185 6186 6187 6188 6189 6190 6191 6192 6193 6194 6195 6196 6197 6198 6199 6200 6201 6202 6204 6205 6208 6209 6210 6211 6212 6213 6214 6215 6216 6217 6218 6219 6220 6221 6222 6223 6224 6225 6226 6227 6229 6231 6232 6233 6234 6235 6236 6237 6238 6239 6240 6243 6244 6245 6246 6247 6248 6249 6250 6251 6253 6254 6255 6256 6257 6259 6260 6261 6262 6263 6266 6268 6269 6270 6271 6274 6276 6277 6278 6280 6281 6283 6284 6285 6286 6288 6289 6290 6291 6292 6294 6295 6296 6297 6298 6299 6300 6301 6303 6304 6307 6308 6309 6310 6311 6312 6313 6315 6316 6318 6319 6320 6322 6323 6326 6327 6332 6333 6335 6336 6337 6338 6339 6340 6341 6344 6345 6348 6349 6350 6351 6354 6355 6356 6357 6358 6359 6360 6363 6364 6367 6368 6369 6371 6372 6374 6375 6376 6377 6378 6379 6380 6382 6383 6387 6389 6390 6391 6392 6393 6394 6396 6397 6398 6400 6401 6402 6404 6406 6407 6408 6409 6410 6411 6412 6413 6414 6415 6417 6418 6419 6420 6421 6422 6423 6426 6427 6428 6429 6430 6431 6432 6433 6435 6436 6437 6438 6440 6441 6442 6443 6444 6445 6446 6448 6449 6450 6451 6452 6453 6456 6460 6461 6462 6464 6465 6466 6470 6472 6473 6474 6475 6476 6481 6482 6483 6485 6487 6488 6489 6490 6491 6492 6493 6494 6495 6499 6500 6502 6503 6504 6505 6506 6508 6512 6513 6516 6517 6518 6520 6525 6530 6531 6532 6533 6535 6536 6537 6538 6539 6540 6541 6543 6545 6546 6548 6549 6550 6552 6553 6560 6564 6566 6568 6570 6571 6576 6580 6581 6582 6583 6584 6585 6586 6588 6591 6600 6601 6603 6604 6608 6615 6617 6637 6642 6654 9767 9771 13228 13229 13230 13231 13232 13233 13249 13250 13251 13252 13253 13254 13255 13256 13257 13258 13259 13260 13261 13262 13263 13264 13265 13266 13267 
	}
	weather={
		period={
			between={ 0.0 30.11 }
			temperature={ -50.0 -4.0 }
			no_phenomenon=1.500
			rain_light=0.250
			rain_heavy=0.100
			snow=1.000
			blizzard=0.000
			arctic_water=0.000
			mud=0.000
			sandstorm=0.000
			min_snow_level=1.000
		}
	}
}
