strategic_region={
	id=5
	name="STRATEGICREGION_5"
	provinces={
		9 31 77 146 162 314 316 337 341 344 361 372 391 397 447 553 573 574 642 682 721 772 789 816 826 834 859 863 873 924 929 998 1015 1054 1089 1103 1105 1133 1211 1242 1248 1335 1344 1388 1417 1418 1464 1470 1482 1486 1516 1520 1555 1576 1616 1635 1696 1750 1795 1799 1880 1936 1938 1952 1954 1960 1978 2001 2006 2029 2054 2063 2068 2084 2112 2124 2143 2187 2228 2255 2261 2322 2351 2363 2394 2406 2440 2468 2472 2488 2490 2494 2509 2553 2571 2572 2573 2606 2623 2646 2671 2673 2678 2742 2791 2817 2835 2841 2842 2910 2936 2969 2973 2990 3033 3063 3079 3080 3085 3086 3168 3175 3180 3203 3220 3354 3425 3457 3482 3541 3544 3563 3595 3636 3663 3680 3685 3694 3717 3725 3732 3754 3796 3839 3854 3872 3873 3894 3911 3912 3927 3963 4013 4023 4027 4030 4063 4065 4077 4082 4115 4116 4118 4127 4161 4224 4269 4276 4291 4338 4346 4347 4350 4358 4362 4397 4405 4409 4412 4457 4497 4513 4521 4522 4553 4626 4633 4655 4657 4706 4711 4716 4780 4794 4796 4827 4835 4847 4852 4861 4869 4884 4913 4936 4974 4975 4984 4986 5014 5030 5033 5034 5047 5054 5103 5120 5196 5197 5244 5256 5270 5276 5281 5285 5287 5316 5317 5323 5340 5364 5367 5376 5396 5409 5423 5424 5428 5449 5498 5502 5505 5538 5547 5562 5565 5610 5611 5635 5671 6542 6544 6551 6554 6555 6556 6558 6561 6563 6569 6573 6574 6577 6579 6587 6592 6593 6594 6597 6602 6605 6606 6609 6612 6613 6619 6625 6628 6629 6630 6633 6634 6635 6638 6643 6644 6651 6655 6656 6658 6659 6660 6664 6667 6670 6672 6676 6677 6678 6680 6681 6686 6687 6690 6691 6694 6698 6704 6705 6706 6707 6714 6715 6718 6719 6722 6724 6726 6729 6730 6731 6733 6734 6738 6739 6740 6741 6747 6748 6749 6750 6760 6764 6768 6770 6774 6775 6776 6782 6789 6790 6791 6792 6796 6800 6810 6811 6817 6818 6827 6831 6838 6839 6840 6845 6851 6858 6860 6866 6870 6875 6884 6887 6889 6890 6899 6900 6901 6907 6911 6912 6913 6918 6924 6928 6940 6949 6961 6965 6967 6968 6969 6970 6971 6972 6975 6977 6984 6985 6997 6998 7005 7006 7010 7020 7029 7034 7036 7039 7040 7041 7044 7045 7048 7052 7059 7067 7068 7075 7085 7086 7089 7099 7100 7105 7106 7111 7118 7122 7123 7130 7131 7135 7136 7142 7143 7144 7150 7151 7152 7153 7161 7168 7169 7170 7177 7178 7184 7191 7192 7195 7196 7200 7219 7220 7223 7224 7232 7233 7241 7242 7243 7250 7251 7263 7266 7274 7282 7292 7304 7308 7314 7324 7325 7342 7343 7358 7372 7386 7409 7418 7455 7479 7575 9797 13213 13234 13235 13236 13237 
	}
	weather={
		period={
			between={ 0.0 23.1 }
			temperature={ -15.0 10.0 }
			no_phenomenon=1.500
			rain_light=0.100
			rain_heavy=0.050
			snow=0.350
			blizzard=0.200
			arctic_water=0.200
			mud=0.000
			sandstorm=0.000
			min_snow_level=0.350
		}
		period={
			between={ 23.1 27.4 }
			temperature={ -10.0 20.0 }
			no_phenomenon=1.500
			rain_light=0.250
			rain_heavy=0.100
			snow=0.100
			blizzard=0.200
			arctic_water=0.100
			mud=0.000
			sandstorm=0.000
			min_snow_level=0.000
		}
		period={
			between={ 27.4 30.7 }
			temperature={ 0.0 20.0 }
			no_phenomenon=1.000
			rain_light=0.250
			rain_heavy=0.100
			snow=0.050
			blizzard=0.100
			arctic_water=0.050
			mud=0.000
			sandstorm=0.000
			min_snow_level=0.000
		}
		period={
			between={ 0.8 30.11 }
			temperature={ -5.0 15.0 }
			no_phenomenon=1.000
			rain_light=0.000
			rain_heavy=0.000
			snow=0.300
			blizzard=0.000
			arctic_water=0.400
			mud=0.000
			sandstorm=0.000
			min_snow_level=0.050
		}
	}
}
