strategic_region={
	id=7
	name="STRATEGICREGION_7"
	provinces={
		185 250 494 530 549 691 765 856 894 901 915 945 1223 1380 1533 1687 1741 1939 1950 2028 2057 2126 2259 2280 2302 2348 2427 2475 2528 2575 2585 2638 2786 2830 2899 2965 3072 3126 3145 3249 3271 3327 3352 3365 3367 3432 3460 3657 3673 3690 3728 3772 3826 3875 3878 3971 4072 4162 4206 4308 4326 4352 4430 4614 4642 4704 4705 4722 4761 4768 4770 4784 4839 4887 4970 4973 4994 5079 5084 5091 5128 5141 5190 5199 5208 5211 5215 5259 5289 5359 5375 5440 5495 5508 5540 5549 5551 5578 5581 5591 5600 5638 5659 5668 5702 7124 7140 7179 7185 7225 7252 7258 7275 7276 7293 7305 7309 7315 7316 7326 7327 7333 7334 7362 7363 7364 7368 7373 7374 7380 7381 7387 7405 7410 7411 7415 7416 7419 7424 7427 7428 7441 7442 7448 7451 7460 7464 7465 7472 7480 7483 7484 7489 7495 7501 7502 7519 7523 7532 7533 7540 7541 7548 7555 7556 7557 7561 7576 7577 7588 7589 7592 7598 7610 7615 7625 7626 7627 7630 7633 7643 7644 7649 7653 7654 7665 7671 7676 7686 7699 7701 7707 7710 7721 7725 7726 7731 7736 7757 7764 7765 7769 7770 7771 7775 7776 7783 7786 7792 7800 7801 7802 7807 7808 7811 7819 7823 7826 7833 7840 7841 7842 7843 7844 7858 7860 7862 7878 7880 9802 9804 
	}
	weather={
		period={
			between={ 0.0 30.11 }
			temperature={ -10.0 35.0 }
			no_phenomenon=1.500
			rain_light=0.250
			rain_heavy=0.100
			snow=0.000
			blizzard=0.000
			arctic_water=0.000
			mud=0.000
			sandstorm=0.000
			min_snow_level=0.000
		}
	}
}
