strategic_region={
	id=9
	name="STRATEGICREGION_9"
	provinces={
		4 13 52 66 71 94 127 238 279 302 315 325 446 543 587 590 630 648 679 748 795 810 813 851 887 905 908 1009 1065 1095 1170 1181 1190 1195 1199 1241 1253 1333 1359 1476 1484 1501 1548 1590 1612 1621 1660 1700 1719 1725 1758 1765 1777 1823 1861 1872 1888 1945 1981 1991 1993 1994 2009 2023 2066 2067 2102 2240 2286 2319 2326 2336 2337 2346 2393 2439 2443 2447 2474 2477 2483 2486 2497 2514 2526 2548 2552 2587 2593 2611 2668 2694 2706 2711 2752 2807 2822 2943 2945 2954 2966 2993 3018 3044 3078 3100 3111 3187 3209 3226 3228 3230 3240 3250 3251 3270 3281 3283 3299 3304 3433 3450 3491 3511 3586 3614 3624 3626 3634 3641 3688 3695 3707 3765 3769 3773 3827 3849 3870 3890 4014 4021 4051 4089 4112 4140 4149 4191 4208 4262 4283 4294 4313 4336 4365 4374 4401 4425 4431 4483 4494 4505 4512 4516 4534 4572 4595 4667 4678 4708 4718 4748 4749 4771 4824 4838 4851 4871 4915 4959 5013 5031 5068 5081 5095 5104 5112 5116 5201 5261 5273 5307 5318 5362 5419 5482 5490 5523 5542 5552 5602 5625 5644 5654 5667 5711 5712 5717 7361 7404 7414 7422 7423 7470 7471 7494 7506 7507 7512 7513 7554 7560 7567 7591 7604 7605 7606 7609 7623 7632 7642 7648 7662 7680 7681 7695 7698 7706 7717 7720 7724 7743 7747 7750 7756 7762 7763 7782 7785 7790 7791 7799 7810 7815 7816 7822 7829 7832 7838 7839 7847 7848 7854 7856 7872 7873 7887 7888 7900 7902 7903 7907 7926 7940 7942 7944 7952 7959 7968 7969 7981 8004 8005 8008 8011 8017 8024 8025 8032 8033 8036 8037 8045 8046 8048 8062 8064 8071 8079 8097 8112 8124 8141 8153 8156 8163 8165 8169 8179 8182 8183 8187 8189 8206 8208 8215 8223 8230 8243 8261 8274 8281 8288 8289 8290 8291 8292 8304 8319 8330 8333 8354 8355 8368 8386 8397 8408 8430 8441 8448 8463 8470 8494 8495 8499 8510 8516 8519 8523 8528 8564 8590 8654 8679 8684 8714 8729 8757 8764 8795 8839 8847 8891 8941 8957 8972 8982 
	}
	weather={
		period={
			between={ 0.0 23.1 }
			temperature={ 0.0 10.0 }
			no_phenomenon=1.500
			rain_light=0.250
			rain_heavy=0.100
			snow=0.100
			blizzard=0.050
			arctic_water=1.000
			mud=0.000
			sandstorm=0.000
			min_snow_level=0.030
		}
		period={
			between={ 23.1 27.4 }
			temperature={ -5.0 20.0 }
			no_phenomenon=1.500
			rain_light=0.250
			rain_heavy=0.100
			snow=0.050
			blizzard=0.000
			arctic_water=0.050
			mud=0.000
			sandstorm=0.000
			min_snow_level=0.000
		}
		period={
			between={ 27.4 30.7 }
			temperature={ 5.0 20.0 }
			no_phenomenon=1.000
			rain_light=0.250
			rain_heavy=0.150
			snow=0.000
			blizzard=0.000
			arctic_water=0.000
			mud=0.000
			sandstorm=0.000
			min_snow_level=0.000
		}
		period={
			between={ 0.8 30.11 }
			temperature={ 0.0 15.0 }
			no_phenomenon=1.500
			rain_light=0.250
			rain_heavy=0.100
			snow=0.300
			blizzard=0.000
			arctic_water=0.020
			mud=0.000
			sandstorm=0.000
			min_snow_level=0.000
		}
	}
}
